1 2 1 1
1 3 1 1
4 5 1 1
6 7 1 1
6 8 1 1
9 10 1 1
11 12 1 1
7 13 2 1
7 8 1 1
14 15 1 1
14 16 1 1
14 17 1 1
18 19 1 1
20 21 1 1
13 19 1 1
16 15 1 1
16 17 1 1
17 15 1 1
12 21 1 1
22 15 1 2
22 23 1 2
1 24 1 2
1 25 1 2
1 26 2 2
1 27 1 2
1 28 2 2
28 29 2 2
28 30 1 2
28 31 1 2
28 25 2 2
6 32 1 2
6 33 1 2
31 29 2 2
31 30 1 2
34 3 2 2
34 25 1 2
26 24 1 2
26 3 1 2
26 27 1 2
26 35 1 2
33 7 2 2
33 36 2 2
33 8 2 2
7 36 1 2
7 8 1 2
37 38 1 2
29 30 2 2
39 19 3 2
39 5 2 2
39 40 2 2
38 41 1 2
38 32 2 2
19 30 3 2
19 24 1 2
36 8 1 2
40 5 3 2
12 32 1 2
12 8 1 2
35 3 1 2
32 41 2 2
27 3 1 2
27 42 1 2
42 3 1 2
33 43 2 3
33 44 1 3
45 23 1 3
46 47 1 3
19 48 2 3
19 49 1 3
19 3 1 3
50 51 1 3
50 52 1 3
50 7 4 3
7 51 4 3
7 52 4 3
44 43 1 3
39 53 3 3
53 54 1 3
51 52 1 3
55 43 1 3
56 57 1 4
58 36 2 4
59 42 1 4
59 60 1 4
61 48 1 4
61 3 1 4
62 63 1 4
62 64 1 4
62 53 1 4
65 42 2 4
65 60 2 4
46 66 8 4
46 67 16 4
46 68 16 4
19 69 1 4
19 48 1 4
19 3 1 4
19 70 1 4
50 36 2 4
67 66 8 4
67 68 16 4
66 68 8 4
44 71 1 4
72 70 1 4
53 63 1 4
71 43 1 4
55 63 1 4
48 69 1 4
48 3 3 4
69 3 1 4
73 74 3 5
56 75 1 5
56 57 1 5
76 52 1 5
77 78 1 5
77 79 1 5
77 7 2 5
59 66 1 5
59 67 3 5
59 19 1 5
59 42 1 5
61 80 1 5
61 48 1 5
61 81 1 5
61 82 1 5
62 83 1 5
84 85 2 5
86 55 1 5
19 81 2 5
19 55 1 5
19 52 1 5
19 48 1 5
19 66 1 5
7 78 2 5
7 36 2 5
7 79 3 5
75 87 3 5
75 57 1 5
67 88 1 5
67 42 1 5
66 42 1 5
89 39 1 5
89 40 1 5
80 69 1 5
80 81 1 5
78 79 1 5
78 81 1 5
78 69 1 5
44 90 1 5
44 36 3 5
91 92 6 5
91 79 4 5
91 90 5 5
69 81 1 5
39 40 1 5
93 85 1 5
72 52 1 5
72 71 1 5
79 36 1 5
79 92 1 5
79 90 1 5
82 48 1 5
36 90 1 5
45 94 1 5
45 63 2 5
71 52 1 5
81 48 1 5
95 15 2 5
92 90 4 5
92 52 1 5
52 90 1 5
94 63 2 5
96 15 4 6
56 83 3 6
56 97 1 6
56 45 2 6
98 94 1 6
99 69 1 6
99 100 2 6
59 67 1 6
59 101 2 6
45 97 1 6
45 102 1 6
45 83 1 6
62 19 1 6
62 64 1 6
62 103 1 6
104 92 1 6
104 105 2 6
86 74 1 6
86 106 2 6
86 19 1 6
19 48 2 6
19 80 1 6
19 103 1 6
83 97 2 6
74 92 1 6
74 90 1 6
74 106 2 6
80 48 3 6
80 107 1 6
105 92 2 6
102 103 3 6
90 92 1 6
90 91 1 6
90 108 1 6
109 72 1 6
109 107 1 6
109 64 1 6
109 71 1 6
91 108 1 6
72 107 1 6
72 64 1 6
107 48 1 6
107 64 1 6
107 100 4 6
108 110 1 6
56 111 5 7
56 103 3 7
112 107 1 7
112 113 1 7
112 114 2 7
98 109 1 7
99 69 2 7
99 107 1 7
99 100 1 7
115 69 1 7
115 77 3 7
77 116 1 7
77 19 1 7
59 67 7 7
59 101 1 7
117 72 1 7
117 19 1 7
117 118 1 7
117 119 1 7
62 80 1 7
62 108 1 7
62 64 1 7
70 108 1 7
70 114 1 7
86 74 4 7
86 92 1 7
86 106 1 7
120 116 2 7
120 92 1 7
120 91 2 7
120 118 2 7
19 106 1 7
118 72 1 7
118 91 2 7
118 92 1 7
121 15 2 7
80 48 1 7
122 123 1 7
105 116 3 7
105 124 1 7
105 104 2 7
102 113 1 7
102 103 2 7
101 125 2 7
101 126 2 7
97 83 3 7
91 92 2 7
69 100 2 7
93 52 3 7
72 108 2 7
126 125 1 7
107 100 2 7
107 114 1 7
64 108 1 7
108 114 3 7
111 103 1 7
109 113 1 7
116 124 3 7
113 114 1 7
113 103 1 7
74 92 2 7
99 107 1 8
99 100 2 8
99 64 1 8
115 77 4 8
115 117 3 8
77 117 6 8
83 106 1 8
83 97 1 8
59 127 3 8
59 67 4 8
59 128 1 8
128 67 2 8
45 87 4 8
45 129 2 8
62 64 2 8
89 95 1 8
89 130 2 8
103 121 1 8
103 102 1 8
107 69 1 8
107 100 2 8
118 131 2 8
121 74 1 8
121 132 1 8
67 127 3 8
86 133 1 8
86 74 2 8
86 106 1 8
97 106 1 8
134 109 2 8
91 92 2 8
91 108 2 8
129 87 1 8
93 52 3 8
130 95 2 8
133 74 2 8
133 106 1 8
133 95 2 8
106 74 2 8
116 104 1 8
132 74 1 8
135 116 2 9
135 136 2 9
59 137 2 9
59 128 1 9
128 127 2 9
45 109 1 9
62 127 1 9
62 100 1 9
62 82 1 9
62 64 1 9
137 129 2 9
118 133 1 9
118 106 1 9
118 95 2 9
138 92 1 9
138 139 2 9
138 140 3 9
91 108 3 9
141 15 2 9
141 106 1 9
82 142 3 9
82 64 1 9
82 60 3 9
60 142 1 9
133 143 1 9
106 15 1 9
106 95 2 9
144 143 1 10
62 136 4 10
62 100 1 10
62 145 1 10
62 122 2 10
145 100 1 10
129 108 2 10
122 136 3 10
92 139 1 10
92 140 2 10
92 146 2 10
127 64 4 10
140 139 1 10
140 147 1 10
140 146 2 10
148 149 2 10
143 146 1 10
143 147 1 10
150 151 1 11
150 62 1 11
92 143 1 11
92 152 1 11
127 60 1 11
127 153 2 11
136 146 1 11
143 144 1 11
143 124 1 11
143 152 1 11
60 62 1 11
60 154 1 11
151 62 1 11
150 92 6 12
150 152 1 12
136 146 2 12
136 62 1 12
136 145 1 12
136 155 1 12
136 152 1 12
155 146 1 12
156 146 1 12
157 145 1 12
158 144 1 12
158 143 1 12
144 143 1 12
62 146 1 12
62 145 1 12
62 159 3 12
160 153 1 12
146 145 1 12
150 161 1 13
150 162 1 13
150 152 1 13
150 163 1 13
157 151 1 13
164 165 3 13
164 166 1 13
164 62 1 13
164 167 4 13
164 168 3 13
169 170 3 13
169 162 1 13
169 62 1 13
169 171 1 13
172 173 1 13
166 163 2 13
166 62 3 13
166 171 2 13
166 162 1 13
174 175 2 13
176 162 2 13
176 171 2 13
176 177 1 13
176 163 3 13
178 179 1 13
178 180 1 13
178 153 2 13
178 159 1 13
181 182 1 13
181 124 1 13
183 158 2 13
167 165 5 13
167 168 1 13
184 124 2 13
184 185 2 13
180 177 1 13
180 62 1 13
180 153 1 13
165 168 1 13
186 187 1 13
173 188 3 13
173 155 4 13
182 124 1 13
171 162 2 13
171 62 1 13
171 163 1 13
177 163 1 13
177 62 1 13
189 190 2 13
188 155 3 13
124 185 4 13
136 146 2 13
153 159 1 13
146 191 1 13
161 162 1 13
161 163 1 13
162 62 2 13
162 163 4 13
62 163 2 13
192 193 1 14
192 194 1 14
192 157 1 14
192 166 3 14
192 195 2 14
192 173 1 14
192 196 1 14
192 197 1 14
198 199 2 14
198 158 1 14
198 200 1 14
198 196 1 14
198 201 1 14
198 202 1 14
150 181 1 14
202 196 1 14
202 199 1 14
202 201 4 14
203 170 1 14
203 204 2 14
203 92 1 14
203 205 1 14
203 181 2 14
203 206 1 14
164 165 2 14
164 207 2 14
164 153 1 14
169 191 1 14
169 208 2 14
169 209 2 14
169 210 1 14
169 200 1 14
169 211 3 14
212 213 1 14
212 214 1 14
212 215 1 14
212 216 2 14
212 217 1 14
209 174 1 14
209 210 1 14
209 211 1 14
206 170 1 14
206 204 1 14
206 92 1 14
206 214 1 14
206 217 2 14
166 193 1 14
166 194 1 14
166 218 2 14
166 157 1 14
166 173 1 14
166 195 3 14
166 196 1 14
166 197 2 14
166 177 2 14
174 219 9 14
199 158 1 14
199 144 1 14
199 196 1 14
199 201 1 14
195 218 1 14
195 197 1 14
195 177 1 14
220 92 1 14
220 213 1 14
220 215 1 14
217 170 2 14
217 204 2 14
217 214 2 14
196 194 1 14
196 157 1 14
196 173 1 14
196 201 1 14
197 193 1 14
197 177 1 14
197 218 1 14
221 222 2 14
221 223 3 14
221 224 1 14
221 225 2 14
221 226 3 14
221 227 7 14
170 92 1 14
170 185 2 14
165 168 2 14
165 228 2 14
165 153 3 14
225 227 2 14
225 223 1 14
225 226 4 14
207 171 1 14
229 173 1 14
229 230 1 14
214 204 1 14
157 194 1 14
157 231 1 14
157 62 2 14
157 232 2 14
157 173 1 14
157 233 2 14
230 173 1 14
210 191 1 14
210 211 1 14
181 204 1 14
144 124 1 14
159 234 1 14
159 188 1 14
159 155 1 14
159 153 1 14
215 92 1 14
215 213 2 14
231 62 1 14
227 222 6 14
227 223 5 14
227 224 3 14
227 226 5 14
173 194 1 14
173 188 1 14
173 62 1 14
173 175 1 14
218 177 1 14
171 177 1 14
171 62 1 14
233 232 2 14
177 62 1 14
189 190 2 14
189 158 1 14
189 235 2 14
213 92 1 14
213 191 1 14
188 234 1 14
188 155 3 14
188 153 1 14
188 175 1 14
236 158 1 14
236 228 1 14
236 235 1 14
228 168 3 14
228 158 1 14
222 223 3 14
222 224 3 14
222 226 2 14
155 234 2 14
153 234 1 14
200 208 2 14
200 211 3 14
211 208 6 14
235 158 1 14
235 190 2 14
191 208 1 14
168 158 2 14
190 158 1 14
62 232 2 14
226 223 2 14
226 224 1 14
223 224 2 14
198 181 1 15
237 227 1 15
195 166 2 15
195 193 1 15
238 239 1 15
238 240 2 15
239 185 1 15
239 240 2 15
212 241 1 15
212 217 2 15
212 242 1 15
158 243 1 15
158 244 1 15
158 245 1 15
246 247 1 15
246 248 3 15
246 249 3 15
246 250 1 15
246 157 1 15
166 157 1 15
166 177 2 15
166 193 1 15
199 251 2 15
252 157 1 15
253 254 2 15
253 216 2 15
255 157 2 15
256 257 4 15
256 240 1 15
258 259 2 15
221 222 1 15
221 227 1 15
221 223 1 15
260 261 3 15
260 262 1 15
222 227 1 15
222 223 1 15
222 263 1 15
234 264 2 15
234 153 1 15
265 232 2 15
265 266 2 15
265 153 1 15
267 243 1 15
267 190 1 15
190 243 1 15
190 251 1 15
190 235 2 15
244 243 1 15
244 245 3 15
157 250 1 15
157 248 3 15
157 247 1 15
157 249 3 15
233 191 1 15
181 214 1 15
181 268 1 15
269 262 5 15
243 245 1 15
243 235 1 15
213 194 3 15
227 60 4 15
177 193 3 15
250 248 3 15
250 247 1 15
250 249 3 15
194 232 1 15
194 208 1 15
270 92 2 15
270 191 4 15
270 208 1 15
216 254 1 15
153 264 2 15
263 223 1 15
225 271 1 15
247 248 3 15
247 249 3 15
235 251 2 15
191 92 1 15
208 232 1 15
208 92 2 15
248 249 9 15
272 273 1 16
272 274 3 16
272 275 1 16
272 255 1 16
157 269 1 16
157 276 1 16
277 227 1 16
277 259 2 16
277 221 1 16
277 278 3 16
277 279 2 16
166 193 2 16
166 280 4 16
166 281 1 16
166 282 1 16
166 247 5 16
166 283 1 16
252 278 1 16
256 257 2 16
260 284 1 16
265 244 1 16
265 191 1 16
265 208 1 16
285 181 1 16
181 286 1 16
181 287 6 16
181 288 5 16
181 289 3 16
181 290 9 16
181 291 1 16
292 293 2 16
292 294 1 16
292 235 2 16
233 191 1 16
216 295 2 16
216 212 3 16
216 296 1 16
216 215 1 16
216 297 3 16
294 293 2 16
294 235 2 16
298 198 1 16
298 235 1 16
235 293 4 16
235 198 1 16
208 191 1 16
208 244 1 16
208 266 1 16
208 225 2 16
208 271 1 16
208 232 1 16
208 299 1 16
259 227 1 16
259 281 1 16
259 278 1 16
259 279 1 16
223 227 1 16
223 234 1 16
223 221 3 16
223 222 1 16
271 225 1 16
257 242 2 16
257 212 1 16
232 300 1 16
232 282 1 16
232 299 1 16
232 301 1 16
284 280 1 16
284 213 1 16
284 249 2 16
284 246 1 16
302 303 2 16
304 191 1 16
304 299 1 16
291 198 1 16
291 286 1 16
305 267 3 16
234 299 1 16
244 198 1 16
244 191 1 16
269 276 1 16
227 222 2 16
227 177 2 16
227 278 1 16
227 281 1 16
275 273 1 16
275 274 3 16
275 255 1 16
306 267 2 16
266 225 1 16
289 288 5 16
289 290 5 16
289 287 3 16
307 278 1 16
307 279 4 16
290 288 9 16
290 287 12 16
283 247 1 16
283 193 1 16
283 282 1 16
283 281 1 16
274 273 3 16
274 255 3 16
296 215 1 16
296 295 2 16
279 278 5 16
308 255 1 16
198 303 1 16
288 287 6 16
299 191 1 16
222 177 1 16
222 309 1 16
224 177 2 16
224 310 3 16
225 311 2 16
215 295 1 16
215 312 2 16
301 300 1 16
301 282 1 16
177 310 3 16
300 282 1 16
276 255 3 16
280 247 2 16
280 193 1 16
280 246 1 16
273 255 1 16
282 193 1 16
282 281 1 16
282 247 1 16
249 247 2 16
249 246 2 16
212 297 3 16
246 247 1 16
247 193 1 16
247 281 1 16
313 193 2 16
193 281 1 16
157 193 1 17
157 314 4 17
157 275 1 17
157 166 2 17
315 316 2 17
315 317 2 17
315 257 2 17
315 240 1 17
166 280 2 17
166 247 2 17
166 193 2 17
318 274 1 17
318 319 2 17
243 232 2 17
243 191 1 17
260 284 2 17
260 320 2 17
260 246 1 17
321 208 2 17
265 225 3 17
265 236 1 17
265 208 2 17
265 311 4 17
322 242 1 17
323 324 1 17
323 325 1 17
233 232 1 17
233 234 1 17
326 216 2 17
326 327 2 17
216 242 1 17
216 215 1 17
216 327 1 17
327 328 3 17
327 212 2 17
329 330 1 17
329 299 1 17
235 293 1 17
235 331 1 17
332 293 3 17
332 333 1 17
332 290 1 17
208 225 1 17
208 311 2 17
208 236 1 17
259 227 3 17
259 278 3 17
259 334 3 17
259 307 1 17
223 222 2 17
223 335 2 17
223 336 1 17
223 307 2 17
223 227 2 17
223 310 1 17
223 334 3 17
271 225 2 17
271 337 3 17
257 317 2 17
257 240 1 17
232 191 1 17
232 299 1 17
317 240 1 17
317 338 1 17
339 193 1 17
339 283 1 17
339 340 1 17
284 320 3 17
284 341 5 17
284 342 5 17
284 246 3 17
324 325 1 17
280 283 2 17
280 247 5 17
304 234 1 17
293 331 1 17
291 343 1 17
330 299 1 17
221 225 1 17
221 337 1 17
221 336 1 17
344 179 4 17
234 212 1 17
341 320 9 17
341 342 9 17
341 246 2 17
342 320 9 17
342 246 2 17
336 222 4 17
336 334 1 17
242 345 1 17
242 212 1 17
227 222 1 17
227 278 1 17
227 310 1 17
227 334 1 17
340 193 1 17
340 283 1 17
307 278 3 17
307 334 1 17
307 335 3 17
290 191 2 17
290 333 5 17
283 247 3 17
283 193 3 17
274 319 2 17
346 347 2 17
346 348 1 17
346 215 1 17
349 335 3 17
349 334 1 17
288 287 1 17
288 343 2 17
222 334 1 17
347 215 4 17
347 348 2 17
224 177 1 17
224 334 1 17
225 236 3 17
225 337 1 17
225 311 1 17
215 348 1 17
303 343 1 17
177 334 1 17
335 334 4 17
345 212 1 17
328 212 3 17
295 253 4 17
295 312 2 17
247 193 2 17
253 312 3 17
333 191 2 17
284 260 1 18
284 246 1 18
157 350 1 18
157 318 1 18
157 275 1 18
157 274 1 18
157 351 1 18
332 293 3 18
332 352 1 18
332 353 2 18
332 235 1 18
333 343 2 18
212 316 1 18
212 214 1 18
212 345 1 18
166 193 3 18
166 283 2 18
166 340 1 18
166 247 1 18
304 232 1 18
304 225 1 18
304 354 1 18
304 355 1 18
356 214 1 18
252 259 1 18
252 278 1 18
293 352 2 18
293 353 3 18
293 235 3 18
295 253 1 18
295 347 1 18
295 216 1 18
247 283 2 18
247 193 1 18
330 191 2 18
310 177 2 18
310 251 1 18
310 223 2 18
357 358 1 18
357 359 1 18
357 286 3 18
357 360 2 18
344 179 2 18
222 361 1 18
222 337 1 18
222 307 4 18
222 362 2 18
222 221 1 18
234 232 1 18
234 354 1 18
234 233 1 18
348 347 1 18
348 328 4 18
348 327 4 18
362 361 7 18
362 307 2 18
362 278 1 18
347 328 2 18
347 216 1 18
214 345 1 18
214 316 1 18
326 363 2 18
355 354 1 18
221 361 1 18
221 337 2 18
221 266 1 18
337 361 1 18
337 266 1 18
215 253 1 18
215 216 1 18
316 345 1 18
354 232 1 18
354 233 1 18
233 232 1 18
177 259 2 18
177 223 4 18
177 251 1 18
353 352 1 18
353 235 1 18
275 318 1 18
275 350 1 18
275 274 1 18
216 253 1 18
359 358 1 18
359 360 2 18
266 208 1 18
350 318 1 18
350 274 1 18
340 283 1 18
340 193 1 18
327 328 1 18
312 364 3 18
358 360 3 18
283 193 1 18
345 317 4 18
259 223 2 18
274 318 1 18
365 208 1 19
366 232 2 19
366 208 2 19
327 347 3 19
327 348 2 19
327 346 1 19
318 351 3 19
291 338 4 19
234 329 2 19
348 346 2 19
322 363 1 19
367 368 1 19
278 307 1 19
316 317 2 19
274 369 1 19
208 232 1 19
259 223 2 19
257 370 2 19
284 260 1 20
284 301 1 20
371 255 2 20
371 318 1 20
371 351 4 20
372 373 2 20
372 252 1 20
366 374 4 20
366 232 2 20
327 346 2 20
318 351 3 20
257 316 1 20
257 346 1 20
257 353 1 20
257 345 1 20
257 363 1 20
252 259 2 20
252 373 2 20
253 375 4 20
295 216 3 20
295 274 3 20
295 346 2 20
376 223 2 20
376 330 1 20
376 329 1 20
376 377 1 20
330 317 2 20
330 329 1 20
330 234 3 20
377 307 3 20
260 193 5 20
260 340 4 20
255 351 1 20
234 356 1 20
378 379 1 20
378 214 1 20
378 356 1 20
378 380 3 20
378 287 1 20
378 317 1 20
378 329 1 20
379 329 1 20
379 373 1 20
374 232 1 20
381 208 1 20
381 304 1 20
381 354 3 20
381 266 1 20
382 352 2 20
382 323 3 20
347 310 2 20
373 259 2 20
373 223 2 20
373 307 2 20
323 352 6 20
266 208 1 20
363 316 1 20
363 383 1 20
363 370 1 20
352 232 2 20
352 384 4 20
216 346 1 20
353 345 1 20
353 286 1 20
353 370 1 20
278 264 2 20
278 208 3 20
193 340 2 20
307 259 1 20
307 223 1 20
307 224 1 20
312 364 2 20
312 385 2 20
264 208 1 20
240 286 2 20
240 370 2 20
384 232 3 20
286 370 2 20
259 223 1 20
364 274 1 20
364 385 4 20
356 317 1 20
284 216 1 21
284 386 1 21
284 260 2 21
372 193 2 21
372 339 2 21
372 377 1 21
366 374 1 21
366 232 1 21
366 384 3 21
366 382 3 21
327 387 1 21
327 346 2 21
304 354 1 21
356 317 3 21
356 330 3 21
257 234 1 21
257 378 1 21
257 388 1 21
257 346 1 21
257 330 1 21
257 345 1 21
252 223 1 21
252 377 1 21
252 389 2 21
253 375 3 21
253 390 2 21
255 391 3 21
330 214 2 21
330 317 3 21
377 379 2 21
377 389 2 21
377 223 2 21
377 386 2 21
260 216 1 21
260 386 1 21
295 216 1 21
295 390 3 21
295 392 1 21
234 388 1 21
234 329 1 21
378 382 1 21
378 345 1 21
378 338 2 21
374 232 2 21
382 380 1 21
382 232 1 21
352 232 2 21
352 380 4 21
386 193 2 21
386 379 3 21
386 389 1 21
386 223 1 21
354 393 1 21
392 390 2 21
363 353 2 21
363 383 2 21
383 375 2 21
351 193 1 21
351 394 1 21
351 339 1 21
375 390 2 21
375 385 1 21
395 278 3 21
379 223 1 21
379 389 1 21
389 259 1 21
389 223 2 21
193 339 1 21
286 353 2 21
286 370 4 21
394 339 1 21
396 397 1 21
370 353 3 21
370 360 1 21
380 232 2 21
353 360 1 21
398 399 6 22
398 394 3 22
398 400 5 22
398 401 2 22
398 402 1 22
327 216 2 22
327 403 1 22
327 253 3 22
327 295 2 22
327 387 1 22
327 404 1 22
405 378 1 22
405 286 1 22
405 406 2 22
405 353 1 22
405 407 1 22
405 408 3 22
405 345 1 22
253 295 2 22
402 394 1 22
402 400 1 22
378 363 1 22
378 353 2 22
378 380 1 22
378 408 3 22
378 291 2 22
378 345 1 22
378 317 2 22
409 224 1 22
409 395 1 22
381 410 2 22
411 412 2 22
411 377 4 22
413 391 1 22
413 394 1 22
413 414 1 22
401 399 3 22
401 394 1 22
401 400 2 22
415 416 2 22
415 375 1 22
415 417 1 22
415 397 4 22
375 418 1 22
375 397 1 22
216 403 2 22
216 419 1 22
216 386 1 22
216 387 2 22
395 420 2 22
395 278 2 22
329 421 1 22
329 356 3 22
329 382 2 22
329 304 1 22
329 257 1 22
329 422 1 22
329 301 1 22
400 399 6 22
400 394 3 22
423 424 2 22
423 425 1 22
423 387 2 22
423 426 2 22
423 427 2 22
423 428 1 22
423 429 2 22
417 416 2 22
417 397 3 22
259 389 6 22
430 431 1 22
430 432 1 22
257 346 2 22
257 356 3 22
399 394 3 22
232 380 1 22
232 433 2 22
232 377 1 22
232 434 1 22
317 363 1 22
317 435 3 22
317 353 1 22
317 436 1 22
317 382 2 22
317 291 2 22
339 437 1 22
339 372 2 22
339 391 1 22
366 352 4 22
407 406 2 22
407 286 1 22
407 408 2 22
304 301 1 22
304 422 1 22
304 421 1 22
427 426 13 22
427 387 9 22
427 424 17 22
330 438 1 22
330 439 2 22
330 440 2 22
330 441 2 22
330 346 1 22
330 442 1 22
330 443 1 22
377 444 1 22
377 412 2 22
441 439 2 22
441 440 1 22
234 421 2 22
234 444 5 22
234 382 1 22
234 388 5 22
234 422 2 22
234 301 3 22
445 379 1 22
445 310 3 22
388 421 3 22
388 444 4 22
388 382 1 22
388 422 1 22
388 301 3 22
386 419 1 22
442 443 2 22
442 438 1 22
442 346 1 22
442 446 1 22
447 392 1 22
447 448 1 22
447 404 2 22
392 448 1 22
392 404 2 22
363 353 1 22
410 374 1 22
440 439 2 22
449 374 1 22
449 433 1 22
437 391 1 22
437 372 2 22
379 310 3 22
414 391 1 22
414 394 1 22
406 286 2 22
406 408 4 22
370 345 1 22
370 286 1 22
346 443 1 22
346 438 1 22
422 421 1 22
422 444 2 22
422 435 1 22
422 436 2 22
422 301 2 22
443 438 1 22
443 446 1 22
428 429 2 22
308 391 2 22
433 374 1 22
433 434 2 22
420 278 4 22
448 404 2 22
421 444 1 22
421 382 1 22
421 301 3 22
436 435 2 22
436 382 1 22
382 435 3 22
301 444 4 22
424 426 13 22
424 387 9 22
352 380 2 22
352 450 4 22
352 451 2 22
452 446 1 22
391 372 2 22
391 394 1 22
426 387 7 22
345 286 1 22
345 397 2 22
345 353 1 22
345 408 1 22
286 408 2 22
396 453 2 22
380 451 1 22
380 450 2 22
419 431 4 22
419 387 4 22
419 432 4 22
353 408 1 22
403 387 1 22
451 450 2 22
431 193 1 22
431 387 1 22
431 432 2 22
416 397 6 22
387 432 2 22
454 455 3 23
454 456 3 23
454 450 1 23
457 458 1 23
459 460 1 23
459 310 1 23
459 461 3 23
403 462 1 23
403 463 1 23
403 260 1 23
366 232 4 23
366 388 1 23
327 424 1 23
418 464 1 23
418 465 1 23
466 467 1 23
466 468 1 23
469 420 1 23
469 470 7 23
469 259 2 23
469 471 6 23
469 472 4 23
458 472 3 23
458 224 1 23
458 470 1 23
458 473 5 23
458 420 2 23
458 471 2 23
356 474 1 23
356 257 3 23
420 472 2 23
420 388 2 23
420 470 2 23
420 473 2 23
420 471 2 23
377 475 2 23
377 462 2 23
377 460 3 23
260 476 1 23
260 477 1 23
260 351 1 23
472 259 2 23
472 224 1 23
472 470 7 23
472 473 5 23
472 471 4 23
478 479 1 23
478 453 1 23
409 381 4 23
480 481 2 23
480 482 1 23
480 224 2 23
481 224 1 23
483 484 3 23
483 468 2 23
388 456 3 23
347 475 2 23
347 460 3 23
462 475 1 23
462 460 2 23
462 463 1 23
485 216 1 23
456 455 2 23
424 486 3 23
424 487 2 23
465 464 2 23
465 488 1 23
475 460 1 23
487 486 5 23
487 216 3 23
216 486 3 23
489 232 1 23
477 490 4 23
477 476 4 23
490 476 2 23
278 455 1 23
310 461 1 23
484 468 6 23
473 224 3 23
473 470 2 23
473 471 2 23
471 259 1 23
471 470 4 23
453 479 1 23
453 396 1 23
470 259 3 23
482 224 1 23
257 474 2 23
468 467 1 23
461 460 2 23
232 470 1 24
232 491 1 24
232 492 4 24
232 487 2 24
232 493 1 24
494 495 1 24
494 496 2 24
494 472 2 24
494 497 1 24
494 498 2 24
494 340 2 24
499 471 1 24
498 500 1 24
498 501 2 24
498 340 2 24
498 502 1 24
498 377 2 24
469 420 1 24
469 470 2 24
469 388 1 24
469 471 1 24
503 504 1 24
503 505 1 24
503 506 2 24
503 497 1 24
503 507 1 24
503 508 1 24
503 473 1 24
491 388 1 24
491 487 1 24
491 493 1 24
483 473 1 24
483 471 1 24
483 450 1 24
483 409 1 24
509 259 1 24
509 409 1 24
492 470 1 24
492 487 2 24
492 465 1 24
409 259 1 24
409 508 2 24
481 473 1 24
481 504 1 24
481 457 1 24
481 482 1 24
508 473 1 24
508 504 1 24
510 511 1 24
510 403 2 24
465 257 2 24
496 497 1 24
496 340 1 24
496 512 1 24
496 472 2 24
351 513 3 24
351 514 2 24
351 515 1 24
351 516 1 24
351 517 3 24
351 490 1 24
351 518 3 24
351 519 1 24
351 520 1 24
216 521 2 24
216 377 1 24
216 522 2 24
216 502 2 24
523 516 2 24
523 517 2 24
523 524 2 24
523 525 2 24
523 519 4 24
523 520 2 24
329 470 1 24
526 457 1 24
526 485 2 24
527 528 1 24
527 489 1 24
527 529 1 24
501 377 1 24
501 502 1 24
513 518 9 24
513 516 3 24
513 519 3 24
513 517 6 24
259 420 1 24
259 388 1 24
259 471 1 24
257 356 2 24
530 278 3 24
531 532 1 24
531 388 1 24
531 366 1 24
531 533 1 24
531 489 2 24
473 504 2 24
473 472 1 24
473 420 3 24
473 457 1 24
473 471 1 24
534 535 1 24
534 525 2 24
534 518 1 24
366 532 1 24
366 489 1 24
366 536 1 24
366 388 1 24
366 529 1 24
518 516 3 24
518 535 1 24
518 517 6 24
518 525 2 24
518 519 3 24
518 520 2 24
457 504 1 24
457 485 2 24
377 500 1 24
377 502 5 24
472 497 1 24
472 420 1 24
472 340 1 24
244 537 3 24
388 532 1 24
388 278 1 24
388 420 2 24
388 471 2 24
512 537 1 24
512 519 1 24
512 340 1 24
512 476 2 24
490 515 1 24
490 537 1 24
490 520 1 24
340 476 1 24
340 519 1 24
538 486 1 24
538 511 1 24
506 507 2 24
506 497 2 24
506 505 2 24
476 537 1 24
476 519 1 24
517 514 3 24
517 516 3 24
517 524 1 24
517 525 1 24
517 519 4 24
517 520 1 24
532 454 2 24
504 505 3 24
504 507 2 24
535 525 2 24
536 529 1 24
536 489 1 24
420 471 2 24
520 515 1 24
520 516 1 24
520 524 1 24
520 525 1 24
520 519 2 24
516 524 1 24
516 525 1 24
516 519 3 24
539 454 2 24
539 540 1 24
539 541 2 24
539 471 1 24
539 542 1 24
470 454 1 24
505 507 7 24
505 497 1 24
497 507 1 24
543 487 1 24
511 486 1 24
511 403 2 24
493 454 1 24
493 487 2 24
533 489 2 24
525 524 1 24
525 519 2 24
519 524 2 24
454 487 1 24
454 541 2 24
454 540 2 24
454 542 2 24
540 541 1 24
540 542 1 24
528 489 1 24
528 529 1 24
489 529 2 24
471 541 1 24
541 542 1 24
544 496 4 25
544 537 1 25
544 545 2 25
546 528 1 25
546 547 2 25
546 536 1 25
459 548 2 25
459 549 2 25
459 550 2 25
459 551 4 25
459 473 1 25
459 552 8 25
459 553 2 25
459 554 1 25
547 541 1 25
547 536 2 25
547 528 2 25
547 388 1 25
547 555 1 25
547 487 1 25
556 339 2 25
556 557 2 25
556 558 2 25
498 559 2 25
498 560 1 25
498 561 1 25
469 496 1 25
469 562 4 25
469 563 1 25
469 553 2 25
469 501 3 25
469 473 1 25
469 554 2 25
564 557 1 25
565 566 1 25
565 487 1 25
565 536 3 25
491 567 1 25
483 568 2 25
569 570 1 25
492 567 2 25
492 571 3 25
492 257 2 25
492 572 1 25
409 568 1 25
409 530 1 25
409 573 2 25
409 499 4 25
409 480 2 25
480 499 2 25
480 481 1 25
480 482 2 25
574 495 2 25
574 560 2 25
574 575 2 25
574 517 4 25
481 482 2 25
567 487 1 25
567 576 1 25
567 257 1 25
567 502 2 25
567 571 1 25
558 511 3 25
558 577 3 25
558 465 3 25
465 511 1 25
465 577 9 25
496 578 1 25
496 579 2 25
496 580 1 25
496 553 2 25
496 545 2 25
578 559 2 25
578 257 3 25
578 580 4 25
578 356 1 25
578 579 3 25
351 518 4 25
351 537 1 25
351 513 4 25
351 517 4 25
216 559 1 25
216 495 1 25
216 537 1 25
216 581 1 25
216 561 2 25
582 557 2 25
582 339 2 25
582 583 2 25
568 530 1 25
568 573 2 25
501 562 3 25
501 497 1 25
501 356 1 25
501 563 2 25
501 529 1 25
501 473 1 25
501 554 1 25
513 495 1 25
513 518 1 25
513 517 1 25
513 581 1 25
259 530 1 25
259 584 2 25
259 471 2 25
259 554 1 25
257 559 1 25
257 356 3 25
257 571 1 25
585 584 6 25
585 554 3 25
585 471 3 25
530 586 1 25
530 587 1 25
530 573 2 25
530 588 1 25
530 525 1 25
530 554 1 25
473 589 1 25
473 550 2 25
473 563 1 25
473 457 2 25
473 554 1 25
339 557 1 25
339 396 2 25
590 518 1 25
590 538 1 25
549 548 1 25
549 552 4 25
549 551 2 25
549 553 1 25
591 244 2 25
591 592 1 25
593 594 1 25
593 577 2 25
593 560 1 25
593 575 2 25
593 377 1 25
588 586 1 25
588 587 2 25
588 595 1 25
566 487 1 25
566 576 1 25
566 536 3 25
566 528 1 25
566 571 1 25
518 538 1 25
518 517 1 25
457 589 1 25
457 512 2 25
377 581 1 25
377 572 1 25
377 559 1 25
377 580 1 25
377 522 1 25
377 553 1 25
377 560 3 25
377 579 2 25
495 581 2 25
495 559 1 25
495 561 2 25
495 517 2 25
495 560 1 25
495 575 1 25
472 563 4 25
472 527 2 25
472 545 6 25
559 581 2 25
559 561 4 25
559 560 4 25
244 592 2 25
388 596 2 25
388 541 2 25
388 539 1 25
512 340 1 25
512 597 1 25
555 487 1 25
587 586 1 25
587 514 1 25
587 595 1 25
587 340 1 25
572 598 1 25
572 522 1 25
572 599 1 25
572 600 1 25
548 553 1 25
548 552 4 25
548 551 2 25
490 525 1 25
490 340 3 25
490 520 1 25
340 514 1 25
340 525 1 25
340 597 1 25
340 520 1 25
502 487 2 25
571 576 1 25
476 562 2 25
517 560 2 25
517 575 2 25
584 554 2 25
584 471 3 25
551 552 8 25
551 553 2 25
536 487 3 25
536 528 1 25
520 525 1 25
520 601 3 25
581 561 2 25
581 560 2 25
550 589 6 25
550 554 2 25
580 553 1 25
580 579 7 25
557 583 1 25
602 537 3 25
471 482 3 25
471 554 1 25
600 598 1 25
600 599 1 25
539 596 2 25
539 541 3 25
553 579 2 25
553 552 4 25
560 561 1 25
560 575 1 25
598 599 2 25
497 562 1 25
511 577 1 25
596 541 2 25
527 563 2 25
454 529 4 25
603 604 2 25
603 601 1 25
603 514 2 25
575 577 1 25
278 529 1 25
563 356 1 25
563 529 1 25
529 356 1 25
604 514 4 25
604 601 2 25
554 562 2 25
514 601 2 25
544 605 2 26
606 607 9 26
606 608 6 26
606 609 6 26
606 610 6 26
611 612 2 26
611 613 3 26
611 601 3 26
611 614 4 26
611 490 2 26
611 615 5 26
459 528 2 26
459 616 1 26
469 472 1 26
469 497 2 26
469 617 3 26
469 618 1 26
491 487 1 26
619 530 6 26
619 620 3 26
619 621 9 26
619 517 3 26
619 622 6 26
623 496 2 26
623 624 1 26
623 625 1 26
626 465 1 26
626 620 1 26
626 627 1 26
626 538 1 26
612 615 4 26
612 340 4 26
612 614 4 26
492 599 3 26
492 628 1 26
409 259 1 26
409 573 1 26
409 501 1 26
629 630 3 26
629 566 3 26
629 487 3 26
629 631 4 26
629 632 2 26
574 518 1 26
574 513 2 26
609 608 4 26
609 607 6 26
609 610 4 26
633 630 9 26
633 566 3 26
633 631 3 26
633 632 3 26
631 630 3 26
631 566 1 26
631 632 3 26
567 599 3 26
634 557 1 26
634 635 2 26
634 624 3 26
634 636 1 26
558 620 2 26
558 465 2 26
558 396 1 26
637 480 3 26
637 638 3 26
465 620 2 26
465 377 1 26
465 593 2 26
465 577 3 26
465 627 1 26
465 538 2 26
496 639 4 26
496 578 1 26
496 624 2 26
496 356 1 26
578 605 3 26
578 356 1 26
578 580 3 26
640 259 2 26
640 641 1 26
640 642 2 26
640 638 5 26
640 643 4 26
640 644 3 26
640 645 1 26
640 584 2 26
640 646 3 26
640 554 3 26
640 309 1 26
638 259 1 26
638 480 1 26
638 642 1 26
638 643 4 26
638 644 2 26
638 584 2 26
638 646 3 26
638 554 3 26
638 309 1 26
643 585 5 26
643 554 3 26
643 584 2 26
643 471 1 26
627 620 1 26
627 593 4 26
627 647 4 26
627 339 2 26
627 538 1 26
501 259 1 26
501 573 1 26
513 518 2 26
259 278 1 26
259 641 1 26
259 642 2 26
259 573 2 26
259 644 3 26
259 645 1 26
259 646 3 26
259 554 1 26
259 309 1 26
585 471 5 26
585 554 5 26
530 621 6 26
530 622 4 26
530 620 2 26
530 517 2 26
530 577 1 26
615 613 3 26
615 601 1 26
615 614 5 26
615 340 2 26
473 472 3 26
473 648 1 26
473 616 2 26
473 550 1 26
473 649 3 26
636 635 1 26
636 598 4 26
590 518 1 26
628 571 1 26
593 647 4 26
593 377 1 26
588 650 3 26
588 537 1 26
588 587 1 26
588 651 5 26
566 487 1 26
566 652 2 26
566 632 1 26
566 630 4 26
561 653 8 26
519 650 1 26
377 521 1 26
377 598 1 26
377 522 1 26
377 571 1 26
495 654 2 26
472 648 2 26
472 655 1 26
472 550 2 26
472 618 1 26
472 616 3 26
472 617 1 26
472 649 3 26
613 601 3 26
244 537 2 26
244 656 2 26
624 635 3 26
624 639 2 26
610 607 6 26
610 608 4 26
555 596 1 26
555 657 1 26
555 539 2 26
605 580 1 26
658 659 1 26
658 340 1 26
658 579 1 26
587 514 1 26
587 660 1 26
587 651 2 26
616 648 1 26
616 550 1 26
616 528 2 26
616 649 3 26
661 650 1 26
661 340 1 26
614 340 2 26
614 457 2 26
490 660 1 26
490 514 1 26
490 662 1 26
490 601 1 26
490 525 1 26
340 650 1 26
647 663 1 26
647 664 3 26
571 521 1 26
571 653 1 26
571 599 2 26
630 487 1 26
630 632 3 26
665 594 1 26
665 557 1 26
665 583 2 26
666 497 1 26
666 562 1 26
666 476 1 26
666 667 1 26
538 577 3 26
538 620 1 26
650 651 1 26
618 617 1 26
476 562 1 26
476 356 1 26
517 621 3 26
517 620 1 26
517 622 2 26
645 454 1 26
645 641 1 26
645 642 1 26
645 644 1 26
584 554 1 26
620 621 3 26
620 622 2 26
594 583 2 26
520 525 1 26
667 497 1 26
550 648 1 26
580 664 2 26
580 653 1 26
641 642 1 26
641 644 1 26
642 644 3 26
642 646 3 26
642 554 1 26
642 309 1 26
573 596 2 26
573 278 3 26
471 457 1 26
471 554 1 26
617 497 1 26
539 596 2 26
539 541 1 26
539 657 3 26
653 664 2 26
653 599 2 26
656 537 1 26
309 644 2 26
309 646 3 26
309 554 1 26
598 522 1 26
607 608 6 26
664 663 3 26
659 579 1 26
668 356 2 26
646 644 6 26
646 554 3 26
621 622 6 26
596 657 1 26
596 278 1 26
541 657 1 26
525 662 1 26
525 660 1 26
525 514 1 26
579 599 1 26
514 660 2 26
514 662 1 26
514 537 1 26
454 529 3 26
554 644 2 26
660 662 1 26
494 498 1 27
494 669 2 27
544 496 1 27
544 654 1 27
544 639 1 27
544 650 1 27
544 659 1 27
544 525 1 27
544 519 1 27
544 670 1 27
544 625 1 27
651 588 1 27
611 244 1 27
611 671 2 27
611 672 1 27
459 496 2 27
459 673 1 27
459 639 4 27
459 497 1 27
459 528 1 27
459 674 4 27
459 473 2 27
459 457 1 27
498 669 2 27
498 529 3 27
469 501 1 27
469 675 4 27
469 476 2 27
469 676 1 27
469 529 2 27
469 657 2 27
469 584 2 27
491 566 3 27
491 677 1 27
619 594 1 27
623 678 4 27
623 496 2 27
623 679 1 27
680 664 6 27
680 681 3 27
680 682 6 27
680 636 3 27
680 683 3 27
612 601 2 27
612 614 6 27
612 684 1 27
612 685 2 27
612 670 1 27
612 686 5 27
409 687 2 27
409 640 2 27
409 482 2 27
409 471 1 27
629 688 1 27
629 536 2 27
629 631 6 27
675 679 4 27
675 476 4 27
675 676 3 27
675 529 1 27
675 657 4 27
675 584 1 27
681 689 1 27
681 682 2 27
681 636 1 27
681 580 1 27
681 664 3 27
681 690 1 27
681 683 1 27
633 536 2 27
567 653 1 27
567 677 2 27
634 593 1 27
634 691 1 27
634 609 1 27
634 607 1 27
692 689 1 27
692 693 1 27
692 694 2 27
692 695 1 27
692 696 2 27
692 697 1 27
692 698 1 27
692 699 1 27
689 578 1 27
689 700 2 27
689 519 2 27
689 695 3 27
689 580 2 27
689 664 1 27
689 690 2 27
689 697 4 27
689 698 4 27
689 579 1 27
689 654 1 27
578 690 1 27
578 519 2 27
578 695 1 27
578 476 3 27
578 580 1 27
578 700 1 27
578 698 1 27
640 673 2 27
640 497 1 27
640 687 6 27
640 471 4 27
640 473 1 27
640 554 1 27
697 700 3 27
697 654 3 27
697 695 4 27
697 698 7 27
697 579 3 27
627 593 4 27
627 495 1 27
627 647 3 27
670 496 1 27
670 639 1 27
670 601 2 27
670 684 1 27
670 686 1 27
670 625 1 27
701 588 3 27
683 682 4 27
683 702 1 27
683 664 2 27
683 571 1 27
683 668 1 27
683 636 2 27
501 703 1 27
501 584 1 27
501 554 1 27
704 516 2 27
704 694 3 27
704 696 3 27
704 530 1 27
704 518 1 27
704 699 4 27
672 490 1 27
672 244 2 27
672 656 3 27
672 671 4 27
513 518 1 27
513 700 2 27
513 696 1 27
513 538 2 27
259 703 1 27
259 584 3 27
259 554 1 27
530 518 1 27
530 694 1 27
530 696 1 27
530 699 2 27
473 648 1 27
473 673 4 27
473 497 2 27
473 528 3 27
473 457 3 27
473 471 1 27
473 685 1 27
339 396 2 27
705 487 1 27
705 539 2 27
593 495 2 27
593 607 1 27
593 691 1 27
593 609 1 27
593 647 2 27
706 514 1 27
659 650 1 27
659 519 1 27
659 654 1 27
659 601 1 27
566 707 3 27
518 694 1 27
518 696 2 27
518 700 2 27
518 699 2 27
457 648 1 27
457 673 2 27
457 497 1 27
457 528 4 27
457 685 1 27
685 614 3 27
685 528 1 27
685 648 1 27
685 708 9 27
685 684 3 27
685 686 5 27
495 647 1 27
700 690 1 27
700 519 2 27
700 654 1 27
700 695 2 27
700 696 2 27
700 580 1 27
700 698 3 27
700 579 1 27
702 668 2 27
702 571 1 27
702 682 2 27
244 490 1 27
244 656 3 27
244 686 2 27
244 671 4 27
677 653 1 27
555 454 1 27
555 487 1 27
698 519 2 27
698 695 4 27
698 580 1 27
698 690 1 27
698 579 2 27
698 654 2 27
699 693 1 27
699 516 1 27
699 694 5 27
699 696 5 27
587 525 3 27
614 686 6 27
490 656 3 27
490 671 2 27
571 682 3 27
571 668 3 27
571 653 1 27
571 522 3 27
571 599 2 27
571 709 2 27
538 621 1 27
709 668 2 27
709 653 2 27
709 599 4 27
650 525 1 27
650 601 1 27
476 679 2 27
476 676 3 27
476 657 1 27
678 496 1 27
678 580 2 27
678 654 2 27
678 679 2 27
584 703 4 27
584 529 1 27
584 554 3 27
710 454 8 27
710 711 10 27
710 529 2 27
609 607 1 27
609 691 1 27
693 694 2 27
693 696 2 27
536 688 2 27
708 684 5 27
708 686 3 27
703 554 1 27
522 668 4 27
522 682 3 27
516 694 1 27
516 696 1 27
694 696 6 27
580 519 2 27
580 654 4 27
580 695 1 27
580 664 1 27
580 690 2 27
580 599 2 27
580 579 1 27
471 687 2 27
471 673 2 27
625 496 1 27
625 639 1 27
539 487 2 27
712 645 1 27
712 554 2 27
712 644 1 27
639 496 1 27
676 657 1 27
676 679 2 27
653 487 2 27
653 668 1 27
653 599 4 27
656 671 6 27
684 601 2 27
684 686 2 27
607 691 3 27
607 608 3 27
607 610 2 27
497 673 1 27
497 528 1 27
497 687 2 27
497 554 1 27
664 682 4 27
664 636 2 27
664 690 1 27
687 554 2 27
668 682 3 27
668 599 2 27
496 674 4 27
682 636 2 27
621 577 2 27
596 541 1 27
695 519 2 27
695 690 1 27
695 579 1 27
695 654 1 27
525 660 4 27
525 514 1 27
657 679 2 27
579 654 1 27
579 599 2 27
519 690 2 27
519 654 1 27
514 660 4 27
691 608 4 27
691 610 4 27
713 645 8 27
713 644 8 27
454 487 1 27
454 278 2 27
454 529 1 27
454 711 6 27
714 688 3 27
528 648 1 27
528 673 3 27
711 529 2 27
610 608 4 27
645 554 2 27
645 644 17 27
594 577 1 27
554 644 2 27
601 686 2 27
715 634 2 28
715 610 1 28
494 496 2 28
494 639 1 28
494 498 1 28
494 459 2 28
494 657 4 28
494 623 2 28
544 496 1 28
544 498 1 28
544 519 1 28
544 623 1 28
611 490 2 28
611 672 2 28
459 498 2 28
459 612 1 28
459 601 2 28
459 614 1 28
498 623 1 28
469 676 1 28
469 657 1 28
469 584 1 28
469 716 2 28
469 529 5 28
491 567 2 28
491 633 3 28
491 677 2 28
619 538 4 28
623 657 2 28
626 622 2 28
626 538 1 28
612 601 2 28
612 614 2 28
480 644 2 28
480 309 6 28
609 608 5 28
633 567 1 28
633 653 1 28
633 677 1 28
633 561 2 28
567 677 1 28
634 593 2 28
634 647 2 28
634 610 2 28
496 519 1 28
496 639 2 28
578 579 4 28
578 454 1 28
578 476 2 28
578 580 4 28
640 703 8 28
640 497 3 28
640 687 5 28
640 673 3 28
697 700 8 28
697 501 3 28
697 695 11 28
627 593 2 28
627 516 1 28
627 647 2 28
670 625 1 28
501 555 1 28
501 700 2 28
501 695 1 28
672 490 3 28
672 244 2 28
513 518 4 28
513 516 7 28
513 717 1 28
513 696 1 28
513 699 1 28
259 703 1 28
259 278 3 28
259 573 2 28
259 645 1 28
259 584 2 28
259 554 2 28
530 577 2 28
530 621 1 28
530 696 1 28
530 699 2 28
473 648 1 28
473 673 5 28
473 497 3 28
473 528 3 28
473 687 1 28
473 457 3 28
636 557 2 28
636 682 7 28
636 718 4 28
549 551 15 28
593 495 2 28
593 647 5 28
588 244 2 28
717 516 1 28
717 694 5 28
717 696 6 28
717 518 2 28
717 577 3 28
717 699 4 28
518 516 3 28
518 694 1 28
518 696 2 28
518 577 1 28
518 699 2 28
457 687 3 28
700 653 2 28
700 695 6 28
700 561 1 28
702 571 4 28
702 561 3 28
244 490 1 28
677 632 1 28
555 541 1 28
699 516 1 28
699 694 3 28
699 696 4 28
699 577 3 28
614 601 2 28
571 561 1 28
669 678 2 28
669 639 2 28
669 719 4 28
720 679 2 28
476 676 4 28
476 454 1 28
476 579 1 28
476 580 1 28
629 721 4 28
629 707 4 28
645 703 1 28
645 713 10 28
645 644 10 28
645 584 1 28
645 554 1 28
584 703 1 28
584 278 1 28
584 716 1 28
584 529 3 28
584 554 4 28
520 525 4 28
520 694 1 28
520 519 1 28
520 660 1 28
703 687 4 28
703 554 1 28
516 696 1 28
694 696 5 28
694 577 3 28
694 519 1 28
580 639 1 28
580 579 4 28
557 682 6 28
573 278 1 28
538 622 3 28
639 678 1 28
639 719 2 28
676 657 1 28
676 716 1 28
676 529 2 28
653 561 4 28
309 644 3 28
497 648 1 28
497 673 4 28
497 528 2 28
497 687 1 28
722 707 2 28
687 673 1 28
716 657 1 28
716 529 3 28
719 678 2 28
682 718 4 28
621 696 1 28
596 454 1 28
596 688 1 28
596 714 1 28
657 487 1 28
657 679 1 28
657 529 2 28
679 487 1 28
514 660 9 28
713 644 10 28
454 487 2 28
454 711 2 28
454 688 3 28
454 714 1 28
696 577 3 28
714 688 1 28
528 648 1 28
528 673 3 28
711 487 1 28
721 707 1 28
278 554 1 28
648 673 1 28
529 554 1 28
494 498 1 29
494 459 1 29
611 723 4 29
611 672 2 29
459 496 1 29
498 496 1 29
498 719 5 29
469 676 2 29
469 476 3 29
469 529 3 29
724 557 2 29
724 608 1 29
491 653 1 29
612 601 6 29
612 614 6 29
629 631 4 29
574 593 3 29
574 627 3 29
633 720 2 29
633 653 3 29
633 679 2 29
631 497 1 29
631 471 1 29
634 571 2 29
634 495 2 29
634 627 1 29
634 682 1 29
496 719 2 29
578 657 2 29
578 700 1 29
578 695 1 29
578 580 2 29
725 593 1 29
725 726 1 29
627 495 3 29
627 682 1 29
627 593 2 29
627 571 1 29
670 727 1 29
501 259 2 29
501 454 1 29
501 487 4 29
672 723 2 29
513 518 4 29
513 516 2 29
513 696 2 29
259 573 2 29
259 487 1 29
259 278 2 29
530 577 1 29
473 648 2 29
473 673 2 29
636 571 2 29
636 718 1 29
593 495 1 29
593 516 1 29
593 726 1 29
518 516 1 29
457 649 4 29
495 682 2 29
495 571 2 29
700 580 2 29
700 579 3 29
700 695 5 29
555 541 1 29
614 601 4 29
571 682 1 29
625 639 2 29
720 653 1 29
720 679 1 29
650 660 2 29
476 716 1 29
476 529 1 29
480 309 2 29
620 621 3 29
728 622 1 29
520 519 1 29
520 525 1 29
520 660 1 29
703 687 1 29
580 695 2 29
580 579 3 29
557 608 2 29
573 278 1 29
554 713 9 29
539 454 1 29
539 541 2 29
676 529 2 29
653 679 1 29
497 687 2 29
497 471 1 29
716 529 1 29
695 579 3 29
525 519 1 29
525 660 1 29
519 660 1 29
679 711 2 29
679 454 1 29
454 711 2 29
454 541 2 29
696 577 2 29
648 673 1 29
529 673 2 29
494 669 1 30
494 639 4 30
494 695 1 30
494 498 3 30
494 459 2 30
494 625 2 30
682 571 3 30
682 718 1 30
682 636 2 30
457 528 1 30
457 649 1 30
611 729 4 30
611 672 6 30
611 730 4 30
459 639 4 30
459 625 2 30
549 551 4 30
536 688 8 30
541 555 2 30
541 714 3 30
498 669 1 30
498 695 3 30
469 676 1 30
469 476 3 30
588 729 1 30
724 557 2 30
657 720 2 30
657 653 1 30
657 633 2 30
657 711 3 30
700 578 7 30
700 695 3 30
714 711 1 30
520 650 2 30
520 519 1 30
520 731 2 30
495 593 2 30
495 726 1 30
727 519 1 30
727 731 1 30
703 480 2 30
703 713 1 30
703 497 1 30
703 687 3 30
703 732 1 30
703 309 1 30
612 601 4 30
612 614 5 30
519 650 1 30
679 720 8 30
632 653 2 30
632 633 5 30
629 631 4 30
713 687 3 30
713 584 2 30
713 554 4 30
476 676 2 30
729 672 6 30
729 730 4 30
633 653 4 30
649 528 1 30
733 734 2 30
732 497 2 30
732 687 1 30
732 712 1 30
732 309 1 30
578 695 5 30
735 573 2 30
735 554 1 30
639 625 1 30
573 309 3 30
573 278 3 30
278 309 1 30
473 673 8 30
718 571 1 30
718 636 2 30
571 636 2 30
687 497 1 30
627 593 5 30
627 726 5 30
614 601 4 30
614 625 1 30
712 309 1 30
554 584 3 30
593 726 3 30
650 731 2 30
672 730 6 30
736 619 9 30
480 309 2 30
682 557 2 31
682 726 2 31
737 722 4 31
737 738 3 31
737 739 1 31
549 592 1 31
695 632 1 31
695 650 1 31
695 696 1 31
705 688 9 31
738 722 1 31
703 712 2 31
679 555 1 31
679 541 1 31
516 696 2 31
696 650 1 31
557 726 2 31
555 541 1 31
739 722 1 31
722 740 1 31
737 741 1 32
737 742 2 32
743 744 1 32
743 745 1 32
746 747 1 32
746 651 2 32
748 722 1 32
749 750 1 32
749 751 1 32
749 752 2 32
705 753 3 32
705 573 2 32
705 688 1 32
754 755 1 32
754 756 1 32
703 650 2 32
747 651 2 32
516 726 1 32
722 555 1 32
722 688 1 32
727 573 1 32
727 592 1 32
753 688 1 32
757 726 3 32
555 688 1 32
555 541 1 32
745 744 2 32
758 490 1 32
744 632 2 32
750 751 2 32
755 756 1 32
650 651 2 32
751 688 1 32
737 745 1 33
743 688 2 33
743 745 4 33
746 747 1 33
746 759 2 33
746 651 1 33
749 573 1 33
756 760 1 33
761 751 1 33
761 750 1 33
753 688 2 33
573 482 1 33
745 688 2 33
651 759 1 33
762 688 2 33
750 751 1 33
763 751 1 33
650 592 1 33
743 745 1 34
756 760 1 34
764 765 2 34
764 766 1 34
767 750 3 34
745 555 1 34
651 768 1 34
769 770 1 34
750 751 1 34
766 771 2 35
772 773 1 35
774 755 1 35
774 775 1 35
776 777 1 35
776 651 1 35
651 777 1 35
775 755 2 35
775 592 1 35
778 759 2 35
759 777 1 35
592 755 1 35
760 756 2 35
743 779 1 36
743 780 1 36
781 778 1 36
782 755 1 36
782 756 2 36
782 777 3 36
782 775 1 36
783 772 1 36
783 780 1 36
784 785 2 36
756 777 2 36
786 787 3 36
775 755 1 36
788 651 1 36
767 772 2 36
789 772 1 36
745 790 1 36
776 592 1 36
785 750 1 36
780 779 1 36
791 790 1 36
791 787 1 36
750 792 1 36
790 787 2 36
793 794 1 37
793 795 1 37
793 796 1 37
793 745 1 37
793 797 1 37
743 796 1 37
743 798 1 37
743 797 1 37
799 800 2 37
799 801 1 37
799 802 1 37
799 803 1 37
804 755 2 37
804 756 2 37
805 783 1 37
805 806 1 37
807 808 6 37
783 809 1 37
783 810 1 37
783 811 1 37
784 812 2 37
784 813 1 37
802 750 1 37
802 800 2 37
802 803 1 37
797 794 1 37
796 798 1 37
796 814 2 37
815 792 1 37
800 803 2 37
800 792 1 37
800 801 1 37
775 816 2 37
817 818 2 37
778 819 2 37
778 820 4 37
778 821 2 37
782 592 1 37
811 809 1 37
811 777 1 37
822 745 1 37
823 745 2 37
823 814 2 37
823 824 2 37
795 745 1 37
812 813 1 37
819 821 1 37
819 820 2 37
801 792 1 37
820 821 2 37
791 808 1 37
791 787 2 37
750 809 1 37
776 745 1 37
810 824 1 37
814 745 3 37
825 755 1 38
826 821 1 38
826 827 1 38
828 792 1 38
829 820 1 38
783 830 1 38
831 832 1 38
814 766 1 38
775 833 1 38
767 813 1 38
819 821 1 38
789 745 1 38
834 750 1 38
835 836 1 38
835 837 1 38
830 824 1 38
837 836 1 38
821 827 1 38
838 827 1 39
838 592 1 39
782 839 1 39
840 841 1 39
826 827 4 39
775 842 1 39
834 843 1 39
782 815 1 40
840 844 1 40
844 845 1 40
841 845 1 40
841 592 1 40
845 592 1 40
846 839 1 40
846 847 1 40
847 839 1 40
766 848 1 41
841 842 1 41
815 782 1 42
849 850 1 42
851 806 1 42
825 852 1 43
841 848 1 43
841 853 2 43
848 853 2 43
854 855 3 44
856 857 1 44
858 859 2 44
858 860 2 44
858 861 2 44
862 855 1 44
862 863 1 44
862 852 1 44
862 819 2 44
819 863 2 44
819 864 2 44
819 852 2 44
864 865 6 44
864 863 2 44
863 865 3 44
863 852 1 44
861 859 1 44
861 860 1 44
859 860 1 44
853 798 1 44
866 852 1 45
867 868 4 45
867 869 4 45
859 870 4 45
871 872 1 45
852 873 3 45
874 875 1 45
854 876 1 45
868 869 1 45
862 877 3 45
862 875 1 45
877 878 4 45
879 880 1 46
879 881 1 46
879 882 1 46
879 883 1 46
863 859 1 46
863 884 1 46
863 885 1 46
886 887 1 46
888 889 1 46
888 890 1 46
891 892 1 46
893 894 1 46
895 894 1 46
896 874 1 46
871 875 1 46
884 897 1 46
884 859 1 46
884 885 1 46
884 819 1 46
898 859 1 46
898 889 2 46
898 870 1 46
897 859 1 46
897 819 1 46
897 899 1 46
852 900 1 46
852 901 2 46
852 877 2 46
852 887 1 46
882 880 1 46
882 881 1 46
874 902 3 46
819 903 8 46
856 875 3 46
889 864 1 46
904 900 1 46
904 877 1 46
904 905 2 46
905 906 1 46
870 859 1 46
870 907 1 46
870 864 1 46
908 864 3 46
909 894 1 46
877 900 1 46
877 887 1 46
894 885 1 46
880 881 1 46
880 883 5 46
899 859 1 46
885 859 1 46
910 911 47
912 913 47
914 913 47
915 911 47
916 904 2 47
917 918 2 47
917 891 1 47
917 885 4 47
919 907 1 47
919 870 2 47
919 899 1 47
890 920 2 47
921 874 1 47
921 864 1 47
910 915 1 47
910 892 3 47
910 922 3 47
910 912 2 47
910 914 2 47
910 923 3 47
863 897 4 47
863 819 1 47
863 907 1 47
863 924 2 47
863 899 1 47
867 877 3 47
867 852 1 47
867 925 1 47
926 927 1 47
928 864 2 47
928 889 2 47
886 927 1 47
886 880 2 47
886 929 1 47
886 930 4 47
886 882 1 47
886 931 1 47
886 891 1 47
931 930 2 47
891 918 1 47
891 882 2 47
891 880 1 47
891 922 1 47
893 918 1 47
893 874 4 47
893 894 1 47
912 932 2 47
912 915 2 47
912 914 5 47
912 923 3 47
933 856 1 47
933 894 1 47
933 934 2 47
934 894 3 47
927 935 2 47
927 936 5 47
927 930 1 47
937 925 4 47
852 877 2 47
852 904 1 47
852 925 1 47
882 880 3 47
882 922 1 47
874 864 1 47
874 929 1 47
898 908 1 47
898 907 1 47
898 938 2 47
914 932 1 47
914 915 3 47
914 939 1 47
914 923 1 47
940 904 1 47
940 936 1 47
856 894 1 47
941 907 1 47
932 923 3 47
889 908 1 47
889 899 1 47
889 864 6 47
889 870 1 47
819 897 3 47
819 885 3 47
929 930 1 47
883 942 1 47
883 943 2 47
883 939 1 47
904 877 1 47
939 922 3 47
939 915 1 47
870 864 1 47
870 924 1 47
870 899 2 47
908 907 1 47
908 938 1 47
908 864 1 47
922 944 1 47
922 892 1 47
922 923 1 47
943 942 2 47
894 918 1 47
923 892 1 47
924 907 1 47
924 899 2 47
938 907 1 47
918 885 1 47
881 880 4 47
907 899 1 47
864 899 1 47
936 935 1 47
897 885 1 47
945 946 2 48
945 889 1 48
917 918 4 48
917 947 4 48
917 948 4 48
917 885 4 48
920 891 7 48
920 898 4 48
949 950 4 48
949 897 1 48
949 921 3 48
949 951 2 48
949 874 2 48
952 918 1 48
952 852 1 48
953 947 2 48
953 954 2 48
953 924 1 48
953 955 2 48
953 819 2 48
953 907 1 48
953 870 2 48
953 956 1 48
953 957 4 48
953 951 1 48
953 958 1 48
953 959 1 48
953 948 1 48
953 885 1 48
919 959 3 48
919 960 1 48
919 907 4 48
958 961 2 48
958 954 2 48
958 907 1 48
958 960 3 48
958 928 1 48
958 962 3 48
963 877 2 48
963 964 1 48
910 965 1 48
910 915 1 48
910 881 4 48
910 939 1 48
910 891 1 48
910 883 2 48
910 898 1 48
867 877 3 48
867 940 2 48
928 961 1 48
928 960 1 48
928 962 2 48
886 966 1 48
886 942 4 48
886 931 1 48
886 882 1 48
886 930 1 48
931 882 1 48
931 883 2 48
967 941 3 48
967 956 2 48
967 968 5 48
967 969 5 48
967 938 1 48
891 915 1 48
891 943 3 48
891 930 1 48
891 883 1 48
891 898 3 48
970 918 4 48
970 971 4 48
970 972 1 48
852 918 1 48
852 973 1 48
933 856 1 48
933 893 1 48
933 894 1 48
933 974 1 48
898 941 2 48
898 932 1 48
898 938 1 48
964 975 4 48
879 883 1 48
879 915 1 48
798 882 2 48
927 877 2 48
927 894 2 48
955 947 1 48
955 954 1 48
955 924 1 48
955 956 1 48
955 957 2 48
955 959 1 48
955 948 2 48
912 932 1 48
950 921 2 48
950 951 2 48
957 947 2 48
957 870 4 48
957 885 2 48
957 959 2 48
951 921 1 48
951 976 2 48
951 874 2 48
951 819 2 48
974 856 1 48
974 977 1 48
974 894 1 48
974 934 1 48
972 971 2 48
972 934 1 48
934 977 1 48
934 894 1 48
948 947 1 48
948 924 1 48
948 918 2 48
948 956 1 48
948 885 1 48
948 954 1 48
948 893 1 48
971 918 2 48
941 969 1 48
941 968 2 48
932 938 1 48
819 874 4 48
907 961 1 48
907 954 2 48
907 960 1 48
907 959 2 48
976 874 1 48
939 965 3 48
870 885 2 48
977 894 1 48
978 921 2 48
969 968 7 48
969 956 6 48
966 930 1 48
943 883 3 48
968 956 4 48
877 894 1 48
894 973 1 48
894 893 1 48
962 961 3 48
962 960 5 48
947 924 2 48
947 918 1 48
947 885 2 48
947 959 1 48
954 924 1 48
924 885 1 48
918 885 1 48
918 893 1 48
915 883 1 48
960 961 4 48
960 959 1 48
921 897 1 48
921 874 2 48
897 874 3 48
897 885 1 48
885 874 1 48
979 980 2 49
945 961 1 49
945 889 2 49
981 982 1 49
981 983 2 49
981 975 1 49
981 984 1 49
981 985 4 49
981 986 1 49
981 987 1 49
988 989 10 49
988 990 7 49
988 886 1 49
991 915 4 49
991 992 4 49
953 874 1 49
953 957 1 49
953 976 1 49
953 993 2 49
953 994 1 49
919 959 4 49
919 928 2 49
995 910 2 49
995 996 6 49
995 997 6 49
963 964 4 49
963 998 1 49
994 957 1 49
910 999 1 49
910 997 1 49
910 883 1 49
997 883 1 49
997 996 4 49
959 928 2 49
928 960 1 49
886 990 1 49
886 927 1 49
886 989 1 49
886 984 2 49
886 980 3 49
886 1000 1 49
886 1001 2 49
931 1002 2 49
933 1003 3 49
933 1004 3 49
934 918 1 49
1005 949 3 49
1005 1006 3 49
990 989 7 49
990 1007 1 49
990 940 2 49
927 1001 2 49
983 982 2 49
983 975 2 49
983 984 2 49
983 985 8 49
983 1008 1 49
983 986 2 49
983 987 3 49
986 982 4 49
986 975 1 49
986 984 1 49
986 985 4 49
986 987 1 49
882 999 4 49
882 883 1 49
882 1009 2 49
882 1010 5 49
882 1011 2 49
1012 1013 1 49
1012 885 1 49
874 885 1 49
874 976 1 49
874 993 2 49
874 1014 1 49
1013 885 1 49
1004 1003 9 49
971 918 1 49
971 972 1 49
971 1015 1 49
972 918 1 49
972 1015 1 49
898 870 1 49
898 938 1 49
881 915 2 49
940 1007 2 49
961 960 2 49
961 958 1 49
949 1006 1 49
915 992 4 49
1011 1016 4 49
1011 999 1 49
1011 1010 2 49
976 993 2 49
943 942 4 49
984 982 1 49
984 975 1 49
984 985 4 49
984 980 3 49
984 987 1 49
984 1000 1 49
984 1001 1 49
942 883 2 49
999 1010 3 49
999 1009 2 49
999 883 2 49
985 982 4 49
985 975 4 49
985 987 4 49
968 938 1 49
958 960 3 49
1000 1001 1 49
1000 867 6 49
1000 980 1 49
1008 987 1 49
982 975 1 49
982 987 1 49
918 1015 1 49
987 975 1 49
1010 883 1 49
1017 885 1 49
1018 885 1 49
1014 885 1 49
1001 980 1 49
961 1019 3 50
961 1020 1 50
961 1021 2 50
961 958 3 50
981 927 2 50
981 983 4 50
981 1022 1 50
981 918 2 50
981 972 1 50
981 987 3 50
1023 1024 2 50
1025 1018 2 50
1026 1027 1 50
1021 958 4 50
910 1010 1 50
1028 886 2 50
1028 940 4 50
997 1010 1 50
997 898 1 50
928 959 2 50
928 960 2 50
886 1022 1 50
886 982 1 50
886 940 2 50
931 1029 1 50
1030 1029 3 50
1030 938 1 50
1030 1031 1 50
1030 1032 1 50
1032 1029 1 50
1032 1031 1 50
1033 975 4 50
1033 998 2 50
1033 1034 4 50
971 918 1 50
971 972 2 50
971 1015 1 50
898 1010 1 50
898 938 1 50
1005 1014 1 50
982 1022 4 50
982 998 3 50
927 987 1 50
927 943 1 50
983 1022 1 50
983 987 3 50
983 972 1 50
975 998 2 50
975 1034 4 50
1012 1035 1 50
1012 1017 1 50
1019 1020 3 50
1031 1029 1 50
1031 968 2 50
1029 938 1 50
972 1022 1 50
972 1015 1 50
972 918 1 50
1036 1037 1 50
1034 998 2 50
1006 1014 1 50
976 993 1 50
968 1017 1 50
958 960 1 50
915 1016 1 50
938 1038 1 50
938 1017 1 50
918 1015 2 50
1038 1017 1 50
960 959 1 50
1010 1016 1 50
1022 998 1 50
1039 988 1 51
1010 1024 2 51
910 997 1 51
1028 943 1 51
1024 943 1 51
1040 996 2 51
1040 1041 2 51
928 959 1 51
931 1042 1 51
931 1018 1 51
981 983 1 51
1033 1043 2 51
1033 998 1 51
1044 976 1 51
1044 993 1 51
983 972 1 51
983 1045 1 51
1043 998 2 51
1046 1047 1 51
1046 1048 2 51
972 1045 1 51
1049 1048 1 51
1045 1050 1 51
1036 1015 1 51
1050 1037 1 51
1034 1051 8 51
959 1042 6 51
1047 1048 2 51
976 993 2 51
976 1014 1 51
1014 993 1 51
1052 1015 1 51
898 1053 1 51
898 1018 1 51
898 1048 1 51
1054 1053 1 51
1054 1055 1 51
915 996 1 51
1042 1018 1 51
996 1041 1 51
1055 1053 1 51
1048 1053 1 51
1039 1056 1 52
988 989 1 52
997 1012 1 52
981 983 1 52
981 1045 1 52
1005 1057 1 52
1058 1052 4 52
983 1045 3 52
1012 1036 1 52
1006 1057 1 52
1059 1060 1 52
1052 1015 1 52
1054 1053 4 52
1023 1061 1 53
1062 1031 1 53
963 975 1 53
963 1063 2 53
1056 1028 1 53
1064 1037 1 53
1065 1066 2 53
1005 1006 1 53
1005 1057 2 53
955 874 1 53
955 1006 1 53
955 1067 3 53
955 1014 1 53
874 1006 1 53
874 1014 1 53
1031 1010 1 53
1045 1050 3 53
1006 1014 1 53
1059 1060 1 53
1010 1061 1 53
1010 1041 1 53
1061 1041 1 53
1068 1066 3 54
1067 1060 1 54
986 1023 2 54
955 1014 2 54
975 1063 2 54
975 963 1 54
975 1045 1 54
938 1010 1 54
938 1031 1 54
963 1063 2 54
963 1045 1 54
1063 989 1 54
1063 1045 2 54
1068 1069 1 55
1068 955 1 55
1068 975 1 55
1068 963 1 55
1068 998 1 55
1068 1070 2 55
1068 989 1 55
1071 1072 3 55
1071 1073 2 55
1071 1074 1 55
1071 1075 1 55
1076 1077 1 55
1076 1078 2 55
963 975 1 55
1072 1073 5 55
1072 1074 4 55
1072 1075 3 55
1079 1080 1 55
1079 975 1 55
1079 1081 2 55
1079 1063 1 55
1082 1056 1 55
1082 1010 1 55
1082 1031 1 55
1082 938 2 55
1083 1084 2 55
1070 1060 1 55
1070 955 1 55
1085 1086 1 55
1085 1067 1 55
1085 955 1 55
1087 1010 1 55
1069 1056 2 55
1069 989 3 55
1069 998 3 55
1069 1045 2 55
955 1067 1 55
955 1086 1 55
955 1045 1 55
975 1080 2 55
975 1088 3 55
975 1063 1 55
975 1081 3 55
1074 1073 5 55
1074 1075 3 55
1074 938 2 55
1063 1080 1 55
1063 1089 2 55
1063 1081 2 55
1063 998 4 55
1063 1090 4 55
1063 1045 2 55
1091 1086 2 55
1091 1092 1 55
1091 1093 2 55
1031 1075 2 55
1031 1010 3 55
1031 938 1 55
1073 1075 3 55
1090 1089 2 55
1090 998 2 55
1092 1093 2 55
1059 1078 1 55
1059 1077 1 55
1075 938 1 55
1075 1010 1 55
1088 1080 3 55
1088 1081 3 55
998 989 2 55
998 1089 1 55
998 1056 1 55
998 1045 2 55
1078 1094 1 55
1078 1077 3 55
1056 989 1 55
1056 986 1 55
1056 1045 1 55
1067 1086 1 55
1080 1095 5 55
1080 1081 4 55
1095 1081 5 55
1086 1096 1 55
1094 1077 1 55
989 1045 1 55
1097 1098 2 56
1097 1099 4 56
1097 1100 2 56
1101 955 1 56
1086 1102 1 56
1086 1103 1 56
1086 1104 1 56
1102 955 1 56
1102 1104 1 56
1105 1073 2 56
1105 1106 1 56
1098 1099 2 56
1098 1100 1 56
1100 955 1 56
1100 1104 1 56
1100 1107 1 56
1100 1081 1 56
1100 1099 2 56
1108 1087 4 56
1109 1081 1 56
1073 1106 2 56
1104 955 4 56
1104 1107 13 56
1104 1081 1 56
1107 1081 1 56
1107 955 5 56
955 1081 1 56
1110 1111 1 57
1110 1112 1 57
1113 1081 1 57
1113 1107 1 57
1102 1114 2 57
1102 1107 1 57
1102 1104 1 57
1115 955 1 57
1116 1117 1 57
1118 1119 1 57
1120 1121 2 57
955 1073 1 57
955 1122 1 57
1122 1121 1 57
1117 1086 1 57
1117 1111 1 57
1098 1081 1 57
1111 1086 1 57
1123 1086 1 57
1112 1081 1 57
1124 1086 2 57
1107 1081 1 57
1107 1125 1 57
1107 1104 1 57
1104 1125 2 57
1102 1070 1 58
1102 1126 1 58
1102 955 1 58
1115 1127 1 58
1128 1129 1 58
1128 1080 1 58
1128 1130 1 58
1070 1126 1 58
1070 1131 1 58
1070 955 1 58
1118 1132 6 58
1120 1127 1 58
1120 1133 1 58
955 1126 1 58
955 1131 1 58
1122 1123 1 58
1133 1127 1 58
1133 1134 1 58
1117 1111 1 58
1117 1126 1 58
1135 1131 1 58
1129 1080 1 58
1129 1130 1 58
1080 1130 1 58
1136 1137 2 58
1136 1087 1 58
1124 1138 1 58
1139 1140 1 59
1141 1129 1 59
1141 1142 1 59
1102 1070 1 59
1102 1135 2 59
1143 1144 2 59
1107 1145 1 59
1107 1146 1 59
1107 1147 2 59
1107 1117 1 59
1107 1144 1 59
1115 1148 5 59
1149 1087 2 59
1070 1150 1 59
1070 1151 1 59
1152 1145 1 59
1152 1117 2 59
1152 1153 2 59
1152 1154 1 59
1120 1142 2 59
1140 1127 1 59
1140 1129 2 59
1122 1155 3 59
1122 1156 1 59
1122 1157 2 59
1122 1129 1 59
1122 1130 1 59
1132 1137 1 59
1151 1150 1 59
1151 1154 4 59
1117 1146 2 59
1117 1145 1 59
1117 1147 2 59
1117 1153 2 59
1156 1155 1 59
1156 1157 2 59
1146 1145 1 59
1146 1147 8 59
1127 1129 1 59
1155 1157 2 59
1158 1159 1 59
1158 1131 2 59
1158 1160 1 59
1145 1154 1 59
1145 1147 2 59
1150 1154 1 59
1129 1142 1 59
1129 1130 1 59
1160 1159 1 59
1160 1131 2 59
1087 1136 1 59
1087 1131 1 59
1131 1159 2 59
1131 1136 1 59
1161 1162 1 60
1161 1155 2 60
1161 1122 1 60
1161 1163 1 60
1141 1129 1 60
1164 1145 6 60
1164 1165 12 60
1164 1166 3 60
1149 1087 2 60
1149 1167 1 60
1153 1152 2 60
1153 1139 1 60
1153 1168 1 60
1153 1131 1 60
1153 1169 2 60
1107 1166 2 60
1107 1131 1 60
1107 1170 1 60
1115 1162 1 60
1115 1122 4 60
1171 1134 2 60
1172 1173 1 60
1172 1117 1 60
1172 1116 1 60
1116 1111 1 60
1116 1173 1 60
1116 1174 1 60
1116 1117 2 60
1160 1175 2 60
1160 1143 1 60
1146 1147 2 60
1146 1152 2 60
1087 1136 1 60
1087 1167 2 60
1176 1137 1 60
1176 1139 1 60
1166 1165 4 60
1166 1145 2 60
1166 1131 2 60
1166 1170 2 60
1177 1144 2 60
1177 1102 1 60
1178 1179 2 60
1139 1137 1 60
1139 1131 1 60
1102 1131 1 60
1180 1159 1 60
1180 1181 2 60
1182 1137 1 60
1117 1111 1 60
1117 1174 1 60
1111 1174 1 60
1162 1155 2 60
1143 1170 2 60
1183 1137 1 60
1183 1184 1 60
1169 1137 1 60
1169 1168 3 60
1169 1131 1 60
1129 1158 1 60
1129 1185 1 60
1122 1163 1 60
1122 1155 1 60
1127 1134 2 60
1158 1137 1 60
1158 1150 1 60
1158 1185 1 60
1145 1165 8 60
1145 1136 1 60
1150 1137 1 60
1150 1136 1 60
1150 1168 1 60
1186 1187 2 60
1170 1131 1 60
1152 1147 1 60
1136 1168 1 60
1187 1188 1 60
1137 1167 2 60
1159 1181 2 60
1161 1162 1 61
1161 1163 4 61
1110 1116 1 61
1164 1145 2 61
1164 1165 3 61
1164 1166 3 61
1164 1153 1 61
1164 1144 3 61
1189 1190 1 61
1189 1159 1 61
1189 1116 1 61
1189 1112 1 61
1160 1191 2 61
1160 1175 2 61
1115 1129 1 61
1145 1177 3 61
1192 1172 4 61
1116 1190 1 61
1116 1159 1 61
1116 1112 1 61
1143 1177 2 61
1152 1107 2 61
1193 1183 1 61
1193 1194 1 61
1195 1127 2 61
1195 1196 2 61
1173 1197 1 61
1173 1198 1 61
1197 1198 2 61
1199 1200 1 61
1199 1102 1 61
1199 1201 1 61
1191 1087 2 61
1191 1175 1 61
1191 1202 3 61
1176 1183 1 61
1166 1165 3 61
1166 1153 1 61
1166 1131 3 61
1166 1144 3 61
1203 1185 1 61
1139 1200 1 61
1139 1201 1 61
1139 1168 2 61
1139 1131 1 61
1139 1204 1 61
1139 1169 1 61
1102 1200 1 61
1102 1201 1 61
1182 1175 2 61
1182 1167 3 61
1117 1147 1 61
1117 1146 1 61
1184 1205 1 61
1168 1153 1 61
1168 1204 2 61
1168 1169 3 61
1168 1131 2 61
1156 1206 2 61
1204 1131 1 61
1169 1153 2 61
1196 1127 4 61
1200 1201 2 61
1146 1190 1 61
1146 1147 1 61
1146 1112 1 61
1146 1207 1 61
1205 1194 2 61
1175 1137 1 61
1175 1179 1 61
1190 1159 1 61
1190 1112 2 61
1183 1194 1 61
1183 1136 1 61
1144 1165 6 61
1112 1159 1 61
1179 1137 1 61
1179 1153 2 61
1136 1167 2 61
1136 1131 1 61
1161 1162 1 62
1161 1163 2 62
1164 1166 1 62
1172 1151 2 62
1193 1169 2 62
1197 1207 1 62
1197 1198 1 62
1191 1087 1 62
1191 1179 1 62
1166 1117 1 62
1177 1147 4 62
1177 1169 2 62
1117 1147 1 62
1155 1208 3 62
1162 1163 3 62
1169 1147 2 62
1146 1190 1 62
1146 1147 2 62
1202 1087 1 62
1198 1207 2 62
1179 1087 1 62
1179 1168 1 62
1179 1136 1 62
1136 1137 2 62
1136 1168 1 62
1209 1210 2 63
1115 1142 1 63
1160 1087 2 63
1160 1190 1 63
1160 1179 2 63
1160 1169 1 63
1211 1163 1 63
1211 1185 1 63
1197 1212 1 63
1197 1207 1 63
1166 1177 1 63
1163 1185 1 63
1204 1169 1 63
1204 1202 2 63
1169 1179 2 63
1212 1207 1 63
1146 1147 1 63
1202 1175 1 63
1155 1208 1 63
1190 1087 1 63
1190 1147 1 63
1179 1137 1 63
1189 1197 1 64
1189 1213 1 64
1160 1175 4 64
1160 1214 3 64
1160 1179 2 64
1197 1146 1 64
1197 1213 1 64
1197 1207 4 64
1166 1190 1 64
1166 1153 1 64
1166 1177 2 64
1177 1190 1 64
1177 1207 1 64
1215 1206 4 64
1215 1216 4 64
1217 1142 1 64
1217 1218 5 64
1217 1196 1 64
1196 1142 1 64
1196 1218 2 64
1196 1187 1 64
1214 1175 1 64
1214 1179 2 64
1146 1190 1 64
1146 1147 2 64
1146 1213 3 64
1216 1155 1 64
1216 1206 4 64
1175 1179 1 64
1190 1213 1 64
1207 1147 2 64
1206 1142 2 64
1142 1218 3 64
